ind =

   1.0e+08 *

  Columns 1 through 7

    0.0000    0.0000    0.0000    0.0000    0.0000    0.0000    0.0000
    0.0000    0.0000    0.0000    0.0000    0.0000    0.0000    0.0000
    0.0000    0.0000    0.0000    0.0000    0.0000    0.0000    0.0000

  Columns 8 through 13

    0.0000    0.0000    0.0000    0.0000   -4.6598    0.0000
    0.0000    0.0000    0.0000    0.0000   -4.6598    0.0000
    0.0000    0.0000    0.0000    0.0000    0.0000    0.0000


ind =

   1.0e+08 *

  Columns 1 through 7

    0.0000    0.0000    0.0000    0.0000    0.0000    0.0000    0.0000
    0.0000    0.0000    0.0000    0.0000    0.0000    0.0000    0.0000
    0.0000    0.0000    0.0000    0.0000    0.0000    0.0000    0.0000

  Columns 8 through 13

    0.0000    0.0000    0.0000    0.0000    0.0000    0.0000
    0.0000    0.0000    0.0000    0.0000    4.6611    0.0000
    0.0000    0.0000    0.0000    0.0000    4.6611    0.0000


ind =

   1.0e+08 *

  Columns 1 through 7

    0.0000    0.0000    0.0000   -0.0000    0.0000    0.0000    0.0000
    3.8012   -0.5713   -2.7964   -1.4914    0.5940   -1.3207   -2.1366

  Columns 8 through 13

   -0.0000    0.0000    0.0000    0.0000    0.0000    0.0000
   -3.9833   -1.4071    1.3157   -1.9858   -4.1816   -0.9434


ind =

   1.0e+06 *

  Columns 1 through 7

    0.3284   -0.0384    0.0834   -0.1060    0.0798    0.2674    0.1924
    0.3511    0.1805    0.0444   -0.0177    0.0577   -0.1654   -0.1197
    1.6575    0.3120    0.0698   -0.4077    0.4068    0.0774    0.0027

  Columns 8 through 13

   -0.0840    0.1533    0.1338    0.0684    0.1964    0.3082
   -0.0050   -0.1599    0.2804   -0.1906   -0.2613    0.1263
   -1.5153   -0.0646    0.9793   -0.3497   -0.4159    0.8905


ind =

  Columns 1 through 7

    0.5186    0.3155    0.5382    0.4585    0.3233    0.4535    0.3564
    0.5802    0.3274    0.5396    0.4432    0.3388    0.4531    0.3540

  Columns 8 through 13

    0.4375    0.3725    0.3224    0.3882    0.4915    0.3344
    0.4359    0.3684    0.3591    0.3749    0.4718    0.3656


ind =

   1.0e+08 *

  Columns 1 through 7

    0.0000    0.0000    0.0000    0.0000    0.0000    0.0000    0.0000
    0.0000    0.0000    0.0000    0.0000    0.0000    0.0000    0.0000
    0.0000    0.0000    0.0000    0.0000    0.0000    0.0000    0.0000

  Columns 8 through 13

    0.0000    0.0000    0.0000    0.0000   -6.7749    0.0000
    0.0000    0.0000    0.0000    0.0000   -6.7749    0.0000
    0.0000    0.0000    0.0000    0.0000    0.0000    0.0000


ind =

   1.0e+08 *

  Columns 1 through 7

   -0.1091   -0.0231   -0.0355    0.0116   -0.0308   -0.0355   -0.0284
    0.0000    0.0000    0.0000    0.0000    0.0000    0.0000    0.0000
    4.7576    1.3700   -0.1909   -0.7178   -1.2371   -1.1919   -1.3100

  Columns 8 through 13

    0.0146   -0.0166   -0.0657    0.0188   -0.0143   -0.0810
    0.0000    0.0000    0.0000    0.0000    0.0000    0.0000
    6.3831   -1.8652    2.1271   -2.1729   -0.9360    1.3133


ind =

   1.0e+08 *

  Columns 1 through 7

   -1.2428    0.1600    1.1659    0.5968   -0.1062    0.3114    0.6500
    0.0000    0.0000    0.0000    0.0000    0.0000    0.0000    0.0000
    4.5376    0.2864   -2.5878   -1.6274   -0.6232   -1.8906   -2.1393

  Columns 8 through 13

   -4.7631   -0.4499   -1.2634   -4.1966    1.8056   -0.2938
    0.0000    0.0000    0.0000    0.0000    0.0000    0.0000
    0.5876   -2.2871    1.8601   -1.0495   -3.4270    0.5340


ind =

   1.0e+09 *

  Columns 1 through 7

    0.0000    0.0000    0.0000    0.0000    0.0000    0.0000    0.0000
    0.0000    0.0000    0.0000    0.0000    0.0000    0.0000    0.0000
    0.0000    0.0000    0.0000    0.0000    0.0000    0.0000    0.0000

  Columns 8 through 13

    0.0000    0.0000    0.0000    0.0000    0.0000    0.0000
    0.0000    0.0000    0.0000    0.0000    0.0152    0.0000
    0.0000    0.0000    0.0000    0.0000   -1.2314    0.0000


ind =

   1.0e+08 *

  Columns 1 through 7

    0.0000    0.0000    0.0000    0.0000    0.0000    0.0000    0.0000
    0.0000    0.0000    0.0000    0.0000    0.0000    0.0000    0.0000
    0.0000    0.0000    0.0000    0.0000    0.0000    0.0000    0.0000

  Columns 8 through 13

    0.0000    0.0000    0.0000    0.0000   -8.1050    0.0000
    0.0000    0.0000    0.0000    0.0000   -8.1050    0.0000
    0.0000    0.0000    0.0000    0.0000    0.0000    0.0000


ind =

   1.0e+08 *

  Columns 1 through 7

   -0.0005   -0.0000   -0.0001    0.0001   -0.0001   -0.0002   -0.0001
    0.0015    0.0011    0.0019    0.0018    0.0011    0.0015    0.0012
    7.6283    2.0746    2.4231   -0.9397    1.4198    1.3301    1.2692

  Columns 8 through 13

    0.0001   -0.0001   -0.0003    0.0000   -0.0001   -0.0003
    0.0024    0.0013    0.0010    0.0015    0.0020    0.0009
   -1.7905    0.0200    5.1465   -1.5341    0.8968    5.3784


ind =

   1.0e+08 *

  Columns 1 through 7

   -8.9941   -1.9844   -1.5492    1.1840   -1.5195   -1.3962   -0.8503
   -0.0001   -0.0000   -0.0000    0.0000   -0.0000   -0.0000   -0.0000
   -0.0001   -0.0000   -0.0000    0.0000   -0.0000   -0.0000   -0.0000

  Columns 8 through 13

    4.6629    0.3331   -5.3882    2.3071    0.8159   -5.4034
    0.0000   -0.0000   -0.0001    0.0000   -0.0000   -0.0001
    0.0002   -0.0000   -0.0000   -0.0000   -0.0002   -0.0001


ind =

   1.0e+08 *

  Columns 1 through 7

    0.0000    0.0000    0.0000    0.0000    0.0000    0.0000    0.0000
    0.0001    0.0000    0.0000   -0.0000    0.0000    0.0000   -0.0000
    9.3993    3.0233    3.7305   -0.7187    1.3118    2.1446    1.8826

  Columns 8 through 13

    0.0000    0.0000    0.0000    0.0000    0.0000    0.0000
   -0.0000   -0.0000    0.0000   -0.0000   -0.0002    0.0000
    7.5568   -0.2431    6.1841   -1.7244    0.4251    7.0744


ind =

   1.0e+09 *

  Columns 1 through 7

    0.0000    0.0000    0.0000    0.0000    0.0000    0.0000    0.0000
    0.0000    0.0000    0.0000    0.0000    0.0000    0.0000    0.0000
    0.0000    0.0000    0.0000    0.0000    0.0000    0.0000    0.0000

  Columns 8 through 13

    0.0000    0.0000    0.0000    0.0000   -1.0871    0.0000
    0.0000    0.0000    0.0000    0.0000    0.0000    0.0000
    0.0000    0.0000    0.0000    0.0000    1.1751    0.0000


ind =

   1.0e+09 *

  Columns 1 through 7

   -0.5036   -0.0193    1.0477    0.4521   -0.4251    0.7627    0.9619
   -0.1163   -0.0130   -0.0246    0.0271   -0.0256   -0.0414   -0.0303
    0.0000    0.0000    0.0000   -0.0000    0.0000    0.0000    0.0000

  Columns 8 through 13

   -1.5323    0.4701   -0.3541    0.6079    0.9545    0.3808
    0.0189   -0.0143   -0.0637    0.0054   -0.0154   -0.0861
   -0.0000   -0.0000    0.0000   -0.0000   -0.0000    0.0000


ind =

   1.0e+07 *

  Columns 1 through 7

   -0.0067    0.0068   -0.0024    0.0004   -0.0034    0.0111    0.0054
   -0.0045    0.0053   -0.0000    0.0037   -0.0020   -0.0010   -0.0024
    1.0201    0.2390    0.1880   -0.1746    0.2032    0.1088    0.0761

  Columns 8 through 13

   -0.0155    0.0079    0.0009   -0.0195    0.0162    0.0048
    0.0031   -0.0024   -0.0038   -0.0010   -0.0022   -0.0056
   -0.1238   -0.0431    0.6345   -0.2104   -0.1452    0.6307


ind =

   1.0e+09 *

  Columns 1 through 7

   -1.4528    0.3492    1.1981    0.6061    0.3374    0.8056    0.8158
    0.0000    0.0000    0.0000    0.0000    0.0000    0.0000    0.0000

  Columns 8 through 13

   -0.8310    0.7593   -0.0387   -0.1493    0.5946    0.0758
    0.0000    0.0000    0.0000    0.0000    0.0000    0.0000


ind =

   1.0e+09 *

